40	203
0	0.0	0.0
1	18.408055729939587	88.89725903706207
2	1.5838070013158567	90.1890570513053
3	17.908490183077262	40.18319032128347
4	20.72481356521361	126.22821598901291
5	19.864588000277127	192.97575841649302
6	4.526923819497089	164.523836533748
7	3.343256077512566	155.59201438195493
8	1.173238540337035	114.7746418937476
9	11.716804091132577	119.15131187729911
10	19.979902277531792	124.00010905394467
11	25.328719935035824	33.460611144484986
12	30.709921230530444	-46.056442481299754
13	43.91878476574587	-16.249560438745725
14	45.50354047938064	47.19363150203702
15	39.2856698171031	44.79280730848832
16	28.638647780016328	84.6427494935491
17	41.861348639080234	68.51468061843427
18	31.769883205675313	105.57486535754754
19	69.14191882863588	79.12079279311983
20	51.86544734577013	89.50226474934394
21	52.73963132789886	26.902554512039455
22	55.13614301393734	12.697742845341276
23	72.33168866733381	196.9111060931842
24	52.408816916588755	169.99708948380533
25	61.62017771736389	120.06668173255653
26	66.62270198227802	102.14691222268148
27	72.2102004128854	175.69219042266351
28	92.33531986447387	-46.400177038406795
29	99.86507174487615	-18.02446300111682
30	93.74999120682772	4.441356349197314
31	79.65022478003173	14.404093425768735
32	83.51255361212625	-36.7495563442545
33	75.01096888816167	68.33839846783027
34	95.67543175936405	60.77423690803274
35	98.65387167017391	101.70533516516716
36	95.3929759391756	128.15153900761135
37	85.75864955459718	118.89050671821947
38	77.98293215004254	93.027122198554
39	100.0	200.0
0	2
0	3
0	8
0	11
0	12
0	17
1	2
1	3
1	4
1	8
1	9
1	10
1	11
1	12
1	14
1	15
1	16
1	17
1	18
1	24
2	3
2	8
2	9
2	10
2	12
2	18
2	24
3	4
3	10
3	11
3	12
3	14
3	15
3	16
3	17
3	18
4	5
4	10
4	11
4	16
4	18
4	19
4	20
4	24
4	25
4	26
4	38
5	6
5	11
5	16
5	17
5	18
5	19
5	20
5	21
5	22
5	23
5	24
5	25
5	26
5	33
5	39
6	7
7	8
8	9
8	16
8	17
8	18
8	25
8	26
8	38
9	10
9	14
9	15
9	16
9	18
9	25
9	26
9	38
10	11
10	16
10	18
10	19
10	20
10	24
10	25
10	26
10	38
11	12
11	15
11	16
11	17
11	20
12	13
12	28
12	31
12	32
12	34
13	14
13	20
13	21
13	22
13	24
13	28
13	31
13	32
13	34
14	15
14	16
14	17
14	20
14	21
14	22
14	24
15	16
15	17
15	20
16	17
16	18
17	18
17	20
17	21
17	22
17	24
17	25
18	19
18	20
18	24
18	25
18	26
18	38
19	20
19	22
19	24
19	25
19	26
19	27
19	30
19	31
19	32
19	33
19	37
19	38
19	39
20	21
20	24
20	25
20	26
20	38
21	22
22	31
22	32
22	33
22	34
22	38
22	39
23	24
23	27
23	33
23	36
23	37
23	38
23	39
24	25
25	26
25	33
26	27
26	31
26	32
26	33
26	36
26	37
26	38
26	39
27	33
27	36
27	37
27	38
27	39
28	29
28	32
29	30
29	34
29	35
29	39
30	31
30	33
30	34
30	35
31	32
31	33
31	34
32	33
33	34
33	38
34	35
35	36
35	39
36	37
36	39
37	38
37	39
38	39
