61	311
0	0.0	0.0
1	6.567058174304819	57.5057647833896
2	12.238469855782604	11.654201471889262
3	22.749214812537762	24.392314786169628
4	22.697115527825623	57.10191298985276
5	16.159022824458134	58.97825735192402
6	22.947148760051526	131.98192424534676
7	1.820911933480443	86.62736593583136
8	10.843871161058738	66.79909008313153
9	23.962607918283314	67.18054616780866
10	24.226384329356648	177.9303563950643
11	21.215568496752134	199.43842219681838
12	7.761879440578811	163.07886601556913
13	7.597326377160532	153.63315391039893
14	12.45055344081	138.65384936848693
15	15.74578653032852	133.57823845849055
16	24.054399400732883	142.9882665787756
17	29.376243660434966	-12.82303816084476
18	39.31033759256156	-14.203828592377462
19	39.68959087845223	-12.487811716774498
20	46.41987139044002	26.498109956422176
21	34.77586954446118	22.988331221526813
22	32.56003120630898	13.221978159468115
23	30.47112994518734	33.408908481773054
24	49.77749032649164	36.596671508266596
25	46.3106017076515	89.79760290377307
26	33.03686617163605	79.50715301791924
27	47.42530000811957	161.9157434848662
28	25.30275714935702	161.58039353487763
29	30.412569936476388	130.92728827369683
30	44.36808053938172	121.19671718205922
31	55.05315047054919	51.994689715970075
32	50.18293724084417	32.790703886573354
33	52.77358040244638	5.670584861457714
34	54.5593543529341	9.88372851068602
35	74.496223888288	68.72267328249195
36	74.8273959329583	116.56614207348449
37	71.65665269816792	132.59571617168064
38	55.960437603677285	127.48272173607384
39	64.98351373035484	88.24548526463737
40	69.65829912742721	181.05729286617986
41	54.24575790613908	171.1580412865268
42	60.146562878667545	141.91217099270028
43	65.85737953726874	134.610245314376
44	69.0347841358388	136.41761867173219
45	99.98052313262502	9.748866144012233
46	94.63742737598415	29.067690650500282
47	78.98024414126712	2.11260357789412
48	77.39334603060115	-20.552641607760922
49	89.69573051154649	-6.069095330273779
50	76.20744037048215	50.084676960228464
51	99.38379359316043	41.235905807600226
52	94.96816151637891	91.8846795566212
53	92.0402617418842	97.63300880193091
54	77.88148570410976	73.22178151986719
55	98.06076303712445	127.24317543121856
56	88.55356445543944	158.07453972258006
57	76.79298573160429	152.49771904320755
58	75.6951006265356	140.60487912588204
59	95.24170348385908	125.24790157858013
60	100.0	200.0
0	1
0	2
0	7
0	17
0	21
0	22
0	24
1	2
1	5
1	7
1	8
1	9
2	3
2	7
2	17
2	21
2	22
2	23
2	24
2	32
3	4
3	9
3	17
3	20
3	21
3	22
3	23
3	24
3	26
3	29
3	32
4	5
4	8
4	9
4	17
4	22
4	23
4	26
4	30
4	42
5	8
5	9
6	7
6	9
6	15
6	16
6	17
6	23
6	25
6	26
6	29
6	30
6	35
6	39
6	50
7	8
7	12
7	13
7	14
7	15
7	16
8	9
9	10
9	16
9	17
9	22
9	23
9	26
9	28
9	29
9	30
9	38
9	42
10	11
10	16
10	17
10	23
10	27
10	28
10	40
10	41
10	60
11	12
11	27
11	40
11	41
11	60
12	13
13	14
14	15
15	16
15	29
16	17
16	23
16	25
16	26
16	28
16	29
17	18
17	22
17	23
17	28
17	29
17	48
18	19
18	32
18	33
18	46
18	47
18	48
18	51
19	20
19	24
19	32
19	33
19	46
19	47
19	48
19	51
20	21
20	23
20	24
20	31
20	32
20	33
21	22
21	23
21	24
21	32
22	23
23	24
23	26
23	28
23	29
23	32
24	25
24	27
24	30
24	31
24	32
24	33
24	38
24	39
24	41
25	26
25	27
25	29
25	30
25	31
25	32
25	35
25	38
25	39
25	41
25	47
25	48
25	50
26	28
26	29
26	30
26	38
26	42
27	28
27	30
27	31
27	32
27	38
27	39
27	41
27	42
27	47
27	48
28	29
28	40
28	41
28	60
29	30
29	35
29	39
29	50
30	31
30	32
30	35
30	38
30	39
30	41
30	42
30	43
30	44
30	47
30	48
30	50
31	32
31	34
31	35
31	38
31	39
31	41
31	46
31	47
31	48
31	50
31	51
32	33
32	38
32	41
33	34
33	46
33	47
33	48
33	50
33	51
34	35
34	38
34	39
34	46
34	47
34	48
34	50
34	51
34	54
34	59
35	36
35	39
35	47
35	48
35	50
35	53
35	54
35	55
35	58
35	59
36	37
36	40
36	48
36	50
36	53
36	54
36	58
36	59
37	38
37	40
37	43
37	44
37	53
37	57
37	58
37	59
38	39
38	41
38	42
38	43
38	44
38	47
38	48
38	58
39	47
39	48
39	50
40	41
40	44
40	56
40	57
40	58
40	60
41	42
42	43
43	44
43	59
44	57
44	58
44	59
45	46
45	49
45	51
45	55
45	60
46	47
46	50
46	51
47	48
47	50
47	51
48	49
48	50
50	51
50	54
50	58
51	52
51	55
51	59
51	60
52	53
52	55
52	58
52	59
53	54
53	55
53	58
53	59
54	55
54	58
54	59
55	56
55	59
55	60
56	57
56	60
57	58
57	60
58	59
