104	789
0	0.0	0.0
1	7.018046782586422	38.15733108629133
2	1.8342672529637951	19.50560385968983
3	5.062461336719534	5.885379382303402
4	13.704945020202594	17.154601925568663
5	6.8450951009800445	98.84071613379317
6	0.7339234898322852	91.31807116300024
7	3.1872152265083242	76.25065792140727
8	8.704813902751017	63.421973470690084
9	15.037347233150525	78.4862456531196
10	15.79159201177743	84.5844709115404
11	2.292141256814138	118.17760601060681
12	7.620711652699649	104.73862513185792
13	13.056827532736175	108.36103290841599
14	14.496333660691768	127.8143500916543
15	11.295964339483099	134.95768343842045
16	7.209223503179248	139.54564814300568
17	16.377935143465955	190.48806365639405
18	6.699181286732348	189.1430533855773
19	4.038791468713012	175.50325325888866
20	0.6548436533148979	153.92966073264031
21	16.161591333410136	178.404867995078
22	32.59610509667534	30.673801284229896
23	18.796663666607802	33.59105417443845
24	23.199476215921624	23.77806005364652
25	17.79984880304127	64.33175934373226
26	32.26285389308242	51.248866217619
27	27.717473973112803	79.95168837840956
28	21.768065292909505	76.73386070755711
29	32.57704243924537	149.01981315923823
30	16.942508566941594	149.3472090849575
31	17.36604568546383	135.9975850375568
32	27.854894187549725	104.23955632875962
33	31.645983817101772	169.3281959734988
34	25.565022264168796	199.93541210041806
35	22.77755888477961	187.89747247258035
36	19.41961147637361	171.6463741515688
37	20.679715673980702	155.53619614617384
38	48.343226655193504	36.87426680564086
39	35.149746640227704	38.312158503902985
40	45.5174663888913	11.221627424199854
41	45.98949225832214	14.424173169908666
42	44.34141636872761	99.58300786643778
43	38.09363413697477	86.04182201766118
44	43.845899869005144	56.41726929184363
45	48.06126064493795	55.524825342502965
46	49.47535914046041	64.1007143148925
47	40.42682842308859	117.21610392372773
48	45.528226722461625	142.32140973680455
49	41.23803150401531	148.2761973849
50	35.29316579946962	143.84941724055278
51	39.03645685229647	117.56246442182882
52	40.04758971107006	177.7437776424472
53	49.930617465383605	175.14610919393868
54	47.33756695126836	196.31634697522094
55	66.5639075077942	42.85130855181967
56	51.080494736120066	43.41703357884967
57	62.495738111719675	1.2481366029426733
58	63.36841629290922	62.46489055131162
59	66.15446222285101	91.08791458856908
60	58.82093731838451	96.10695833952653
61	51.94141260836101	90.75091500810647
62	56.10428664407734	65.93199086738704
63	62.16287641411846	107.66613509088158
64	54.71665306898858	140.60066740304674
65	58.48192679171969	114.73701776855475
66	59.18658595423875	110.09134317002318
67	53.162004725511274	199.99595768133915
68	52.35991094361419	185.53165541319834
69	52.74289247754992	152.35567273883277
70	65.78648270981948	152.24569176357863
71	76.60197984279046	5.212805308268992
72	73.05481527779865	42.6167602672628
73	71.81491708249933	46.38594242411262
74	69.40342637669461	47.01363758638905
75	72.40921104664324	19.964232129558773
76	66.74184736072267	56.81105221420307
77	80.86671929395274	53.64470411920364
78	66.87884530431407	85.02323240000055
79	77.25996956129268	136.70111204172161
80	71.56898262479211	113.28631737284958
81	72.50819382707061	104.00078143279842
82	83.04979460418863	130.8670143844043
83	74.15485135905152	195.14149977373555
84	78.45598932152994	168.00041334798797
85	76.26106521586058	182.30103493490176
86	83.35014037232854	22.27186571801522
87	86.38048377086669	11.110155759615653
88	97.28053195838112	12.866852129383998
89	97.54247198110473	33.608721492266575
90	95.18992836046908	34.24137205060864
91	87.54411933830245	31.58944882089676
92	87.25485467341905	88.49135839541688
93	83.5865025206123	82.18954718677804
94	85.07361103677337	55.02058261011845
95	98.87749525356394	51.616077349506355
96	99.30600019503875	115.87649163973657
97	92.63841223653912	146.54689619404965
98	94.57870543621839	115.88474521379777
99	91.74849594245305	190.7136740995104
100	85.86360814466155	182.10220455677518
101	92.33952156443114	157.98251992112966
102	93.7997484196787	158.49045296249506
103	100.0	200.0
0	2
0	3
0	6
0	7
0	20
0	22
0	24
0	40
0	57
1	2
1	4
1	6
1	7
1	8
1	9
1	22
1	23
1	24
1	25
1	26
1	28
1	32
1	39
1	44
1	45
1	56
1	74
1	76
1	77
1	95
2	3
2	6
2	7
2	8
2	9
3	4
3	22
3	24
3	40
3	57
4	7
4	8
4	9
4	10
4	23
4	24
4	25
4	40
4	57
5	6
5	10
5	11
5	12
5	13
5	27
5	28
5	32
5	42
5	43
5	63
5	66
5	81
6	7
6	11
6	12
6	13
6	20
7	8
7	23
8	9
8	22
8	23
8	25
8	26
8	28
8	32
8	38
8	39
8	47
8	51
8	64
8	65
9	10
9	23
9	25
9	27
9	28
9	32
9	42
9	43
9	47
9	51
9	65
10	12
10	13
10	14
10	17
10	21
10	23
10	25
10	27
10	28
10	30
10	31
10	32
10	42
10	43
10	47
10	51
10	65
10	66
11	12
11	16
11	20
12	13
12	27
12	28
12	32
12	42
12	43
13	14
13	27
13	28
13	30
13	31
13	32
13	42
13	43
13	44
13	56
14	15
14	21
14	23
14	25
14	27
14	28
14	30
14	31
14	32
14	36
14	38
14	43
14	44
14	57
15	16
15	20
15	21
15	30
15	31
15	32
15	35
15	36
16	20
16	21
16	30
16	31
16	34
16	35
16	36
16	37
16	52
17	18
17	21
17	25
17	30
17	34
17	35
17	36
17	37
18	19
18	34
19	20
20	21
20	29
20	30
20	31
20	35
20	36
20	37
20	49
20	69
20	97
21	25
21	30
21	34
21	35
21	36
21	37
22	23
22	24
22	25
22	26
22	29
22	39
22	40
22	43
22	47
22	50
22	51
23	24
23	25
23	26
23	39
23	44
23	45
23	56
23	58
23	76
23	77
24	40
24	57
25	26
25	28
25	30
25	31
25	32
25	39
25	40
26	27
26	29
26	32
26	38
26	39
26	43
26	44
26	45
26	47
26	48
26	50
26	51
26	55
26	56
26	68
26	74
26	76
26	77
26	95
27	28
27	29
27	31
27	32
27	38
27	39
27	42
27	43
27	44
27	47
27	50
27	51
27	56
27	64
27	69
28	31
28	32
28	42
28	43
28	47
28	51
28	64
28	65
29	30
29	32
29	33
29	37
29	39
29	43
29	49
29	50
29	51
29	52
29	53
29	69
29	70
29	97
30	31
30	33
30	36
30	37
30	52
30	53
30	69
30	70
31	32
31	38
32	38
32	39
32	42
32	43
32	44
32	47
32	50
32	51
32	52
32	60
32	63
32	65
32	66
32	81
33	34
33	37
33	43
33	48
33	49
33	50
33	51
33	52
33	53
33	54
33	64
33	69
34	35
34	48
34	49
34	52
34	54
34	59
34	64
34	65
34	66
34	67
34	69
34	80
35	36
36	37
37	49
37	52
37	53
37	69
37	79
37	97
38	39
38	41
38	44
38	45
38	46
38	56
38	57
38	61
38	62
38	64
39	40
39	43
39	44
39	45
39	50
39	51
39	56
39	58
39	62
39	76
39	77
39	94
40	41
40	56
40	57
41	56
41	57
42	43
42	46
42	47
42	48
42	51
42	53
42	60
42	61
42	62
42	63
42	64
42	65
42	66
42	67
42	68
42	69
42	81
43	44
43	47
43	48
43	50
43	51
43	53
43	64
43	68
43	69
44	45
44	55
44	56
44	57
44	73
44	74
45	46
45	55
45	56
45	58
45	62
45	73
45	74
45	76
45	77
45	95
46	48
46	53
46	55
46	56
46	58
46	61
46	62
46	64
46	68
46	69
46	73
46	74
46	76
46	89
46	90
47	48
47	51
47	59
47	60
47	61
47	62
47	63
47	64
47	65
47	66
47	69
47	92
47	93
48	49
48	52
48	53
48	56
48	59
48	60
48	61
48	64
48	65
48	66
48	68
48	69
48	70
48	79
48	97
48	101
49	50
49	52
49	53
49	64
49	69
49	70
49	79
49	97
50	51
50	52
50	53
51	59
51	60
51	61
51	62
51	63
51	66
51	92
51	93
52	53
52	54
52	60
52	64
52	65
52	66
52	69
52	80
52	81
53	54
53	56
53	60
53	61
53	67
53	68
53	69
54	67
54	68
54	69
55	56
55	57
55	58
55	59
55	62
55	70
55	74
55	75
55	76
55	78
56	57
56	58
56	61
56	62
56	68
56	69
56	74
56	76
56	77
56	94
57	71
57	74
57	75
58	59
58	62
58	73
58	74
58	75
58	76
58	78
58	84
59	60
59	63
59	64
59	66
59	69
59	70
59	76
59	77
59	78
59	79
59	80
59	81
59	83
59	84
59	90
59	92
59	93
59	94
59	96
59	98
59	100
60	61
60	63
60	64
60	65
60	66
60	69
60	79
60	80
60	81
60	92
60	93
60	96
60	98
60	100
61	62
61	63
61	64
61	65
61	66
61	68
61	69
61	80
62	73
62	74
62	76
62	91
63	64
63	66
63	69
63	70
63	77
63	79
63	80
63	81
63	83
63	84
63	92
63	93
63	94
63	100
64	65
64	69
64	70
64	77
64	79
64	80
64	81
64	91
64	94
64	97
64	101
64	102
65	66
65	69
66	69
66	77
66	93
66	94
67	68
67	70
67	79
67	82
67	83
67	84
67	97
67	98
67	103
68	69
69	70
69	77
69	79
69	80
69	81
69	91
69	94
69	97
70	76
70	78
70	79
70	80
70	81
70	82
70	83
70	84
70	97
70	101
71	72
71	75
71	77
71	86
71	87
71	88
71	93
71	94
72	73
72	77
72	86
72	87
72	89
72	90
72	91
72	94
72	95
73	74
73	76
73	77
73	86
73	87
73	89
73	90
73	91
73	94
73	95
74	75
74	76
74	77
74	94
74	95
75	76
76	77
76	78
76	89
76	90
76	91
77	78
77	81
77	82
77	86
77	89
77	90
77	91
77	93
77	94
77	95
77	100
78	80
78	81
78	82
78	83
78	84
78	89
78	90
78	92
78	93
78	94
78	96
78	97
78	98
78	102
79	80
79	82
79	83
79	84
79	97
79	100
79	101
79	102
80	81
80	83
80	84
80	100
81	82
81	91
81	92
81	93
81	94
81	96
81	97
81	98
82	83
82	84
82	86
82	92
82	93
82	95
82	97
82	98
82	100
82	101
82	102
83	84
83	85
83	95
83	97
83	98
83	99
83	100
83	101
83	103
84	85
84	95
84	97
84	98
84	100
84	101
85	95
85	97
85	98
85	99
85	100
85	101
85	103
86	87
86	91
86	93
86	94
87	88
88	89
88	95
89	90
89	94
89	95
90	91
90	94
90	95
91	94
91	95
92	93
92	95
92	96
92	97
92	98
92	100
92	101
93	94
93	96
93	97
93	98
93	100
93	101
93	102
93	103
94	95
95	96
95	98
95	100
95	103
96	97
96	98
96	99
96	100
96	101
96	102
96	103
97	98
97	100
97	101
97	102
97	103
98	100
99	100
99	102
99	103
100	101
101	102
102	103
