116	811
0	0.0	0.0
1	0.8470919838065263	19.08389639657229
2	1.4028129171915469	8.524705824492527
3	10.789024672160167	61.341101010722376
4	1.3694370310255026	60.94658572588312
5	12.013849933399426	108.29157067184903
6	10.299402651358507	125.55954194326989
7	2.7714816277883707	101.69845183288663
8	0.5779829096275932	82.95679258922618
9	3.1281906259810768	79.03697881391498
10	7.557205108395125	90.97514281178493
11	11.514969702927939	186.90648252271401
12	2.3000499881693974	167.55441429235105
13	8.046139371604218	154.22856308033656
14	19.154002270227277	32.60629702917145
15	12.628849527479398	3.66255817202331
16	13.697753499844564	-29.045459001981612
17	24.56229962252744	-21.120698037055995
18	13.307893718483264	84.30176155721962
19	23.490298378130703	55.654029707398436
20	23.759881459368412	58.351788876412826
21	24.285308678975113	83.35465257140785
22	20.80102506572094	88.86968880469956
23	13.877845679767114	159.25000292012697
24	13.243174229018814	157.51065756606195
25	13.831738297964034	111.06803699009905
26	22.076595713792557	103.12163569016515
27	17.371802655025437	148.22073181569385
28	25.39911899194037	64.89693184083269
29	25.33046016311078	6.623610272152481
30	29.580726379377072	1.5744373310980406
31	37.428562812962085	45.76032110299184
32	30.615591677507485	63.77101435800976
33	28.81405074733494	119.87264767500287
34	28.16258538423766	75.61134566485515
35	29.223857075179104	66.90658630498869
36	36.65167162514485	74.55433296685675
37	33.008712127973794	107.12643308767103
38	30.40908296764699	187.75494601310223
39	26.59571854298025	135.81459138262156
40	29.50538636439456	134.90791545762508
41	30.43570375920269	161.4608691126385
42	45.057721133962296	-31.172382034416888
43	47.854111780295696	-26.043462005568806
44	44.402258100647245	2.5384672868336224
45	38.8537509341237	10.826040104259548
46	37.59748150051237	6.9646702756148215
47	38.0367990259706	-16.795280323520785
48	42.163431315793616	99.06086246122402
49	41.46363621220695	40.74344262548346
50	46.06164253907408	48.58816050810623
51	49.715796201458765	68.5432632000882
52	47.54878265994432	132.86005746114637
53	38.04040636770146	162.33230551783996
54	41.189839255147284	123.47095580238484
55	45.350233573126935	106.14716512635682
56	53.36419623845674	41.86158858564487
57	51.86419523308538	15.972807725464145
58	52.739774499574686	8.804268455692304
59	60.428193540018235	11.096367161891278
60	54.00782022781098	40.787502466241996
61	54.5994873734647	127.02465548850498
62	51.79231979702922	103.84889065633595
63	56.02930800504307	90.59553301630022
64	56.48829646834671	90.59580484258876
65	59.519366367351054	101.60590929218873
66	62.30092204198019	116.25499237456327
67	54.932408429544026	190.57886134980794
68	53.42942432878305	188.51367501993047
69	54.94625404473518	143.55893899294162
70	59.37306112858451	143.5461194263815
71	74.77383483899844	-12.098474144150263
72	69.04459656512964	23.71399576928586
73	63.77454645678995	0.70930102486588
74	63.651944386693486	-3.901532712760474
75	63.78607546776082	-28.267075548737317
76	66.62701492703678	40.62560772368489
77	73.06055091570929	38.63520473317887
78	74.39296228786276	87.80025071786412
79	72.70964671815453	90.47304520699697
80	66.91418690196578	84.04122422824754
81	72.83705679772703	160.06891429525035
82	62.74749557728884	144.33958628552438
83	67.27896134402206	113.23458366085322
84	74.10774247132642	106.05295139214158
85	76.46063299319388	55.78182901600877
86	81.99003802761429	19.72408759832898
87	85.92819466945141	49.687250028470494
88	86.33294606291523	54.067353874272
89	85.5084380786112	64.39540944972734
90	84.872791097341	114.88011916714493
91	75.32503579424639	71.16216519048301
92	84.61675534682877	67.1095224417522
93	84.79549293998933	98.37493490341288
94	75.691488262558	152.14260555695077
95	76.26381071737339	140.00107929823145
96	81.64851118564155	148.87595456117856
97	86.8864669949575	195.7982635146571
98	76.84525645906145	188.9216383706202
99	91.90308764993645	33.135623414544135
100	96.68441994221094	-14.90764477877881
101	99.42658861110635	2.5570351670054166
102	99.28136710468365	11.17342317695455
103	99.31329425320644	44.36085814818779
104	99.30655395682446	87.7422202063196
105	93.98568748658566	93.9058354280769
106	92.41278625391995	81.43440316378226
107	89.78065097391578	58.341780977185955
108	97.28238736194676	45.10244622202671
109	92.7681055982864	148.39965648202198
110	89.00518613689208	126.0327694577308
111	90.44457867932073	119.43702926708642
112	93.44896650156396	106.49897823344958
113	95.56813900144387	108.64332996473392
114	96.51651816105097	153.40768593984214
115	100.0	200.0
0	1
0	2
0	3
0	4
0	8
0	14
0	15
0	16
0	19
1	2
1	4
1	8
2	3
2	14
2	15
2	16
2	19
3	4
3	5
3	8
3	9
3	10
3	14
3	15
3	18
3	19
3	25
4	5
4	8
4	9
4	10
4	18
4	25
4	26
5	6
5	10
5	11
5	13
5	15
5	18
5	21
5	22
5	24
5	25
5	26
5	34
6	7
6	11
6	12
6	13
6	24
6	25
7	8
7	11
7	12
7	13
7	24
8	9
8	11
8	12
8	13
9	10
9	18
9	19
9	22
9	26
10	14
10	18
10	19
10	22
10	25
10	26
10	29
11	12
11	13
11	18
11	23
11	24
11	25
11	27
11	33
11	37
11	38
11	39
11	67
11	97
11	115
12	13
12	25
13	23
13	24
13	25
13	38
14	15
14	17
14	18
14	19
14	28
14	29
15	16
15	18
15	19
15	24
16	17
16	42
16	47
17	19
17	20
17	21
17	28
17	29
17	30
17	42
17	45
17	46
17	47
17	49
17	50
17	80
17	83
17	84
17	109
18	19
18	22
18	24
18	25
18	26
18	29
19	20
19	28
19	29
20	21
20	28
20	29
20	33
20	39
20	40
21	22
21	25
21	26
21	27
21	28
21	29
21	33
21	34
21	35
21	39
21	40
22	25
22	26
22	33
22	38
22	39
22	40
22	53
23	24
23	27
23	33
23	38
23	39
23	48
24	25
25	26
25	34
26	27
26	33
26	34
26	35
26	38
26	39
26	40
26	53
27	33
27	34
27	35
27	38
27	39
27	48
27	55
28	29
28	32
28	33
28	34
28	35
28	39
28	40
29	30
29	42
29	47
30	31
30	45
30	46
30	47
30	49
30	50
30	56
30	80
30	84
30	109
31	32
31	36
31	44
31	45
31	46
31	48
31	49
31	53
31	54
31	57
31	58
31	75
32	35
32	36
32	49
32	57
32	58
33	34
33	37
33	39
33	40
33	48
33	53
33	54
33	55
33	63
34	35
34	39
35	36
35	49
35	57
36	37
36	38
36	41
36	43
36	44
36	45
36	48
36	49
36	53
36	54
37	38
37	39
37	40
37	41
37	48
37	49
37	53
37	54
37	55
37	62
37	63
38	39
38	41
38	48
38	49
38	51
38	52
38	53
38	54
38	61
38	66
38	67
38	68
38	69
38	83
38	97
38	115
39	40
39	48
39	54
39	55
40	41
40	48
40	49
40	53
40	54
40	55
40	72
40	76
41	44
41	48
41	49
41	51
41	53
41	54
41	55
41	67
41	68
42	43
42	47
42	73
42	74
42	75
43	44
43	49
43	50
43	51
43	56
43	57
43	58
43	59
43	62
43	63
43	64
43	68
43	72
43	73
43	74
43	75
43	77
44	45
44	49
44	50
44	51
44	56
44	57
44	58
44	59
44	63
44	64
44	65
44	66
44	73
44	74
44	75
44	83
45	46
45	48
45	49
45	50
45	53
45	54
45	56
45	57
45	58
45	63
45	64
45	65
45	73
45	74
45	80
45	83
45	84
46	47
46	48
46	49
46	50
46	53
46	54
46	63
46	64
46	65
46	83
48	49
48	51
48	53
48	54
48	55
48	62
48	63
48	72
48	76
49	50
49	53
49	54
49	56
49	57
49	58
49	75
49	80
50	51
50	56
50	57
50	58
50	63
50	64
50	65
50	76
50	80
50	83
50	84
50	86
50	90
50	110
51	52
51	54
51	55
51	56
51	57
51	59
51	60
51	62
51	63
51	64
51	68
51	72
51	73
51	74
51	76
51	79
51	80
51	83
51	84
51	90
51	100
51	110
52	53
52	55
52	56
52	57
52	59
52	60
52	61
52	62
52	68
52	69
52	70
52	73
52	74
52	82
53	54
53	61
53	66
53	68
53	69
53	83
54	55
54	59
54	73
54	74
55	56
55	59
55	60
55	61
55	62
55	63
55	68
55	69
55	70
55	72
55	73
55	74
55	76
55	98
56	57
56	60
56	62
56	63
56	64
56	65
56	66
56	72
56	76
56	77
56	80
56	83
56	86
57	58
57	62
57	63
58	59
58	73
58	74
58	75
59	60
59	62
59	63
59	64
59	65
59	66
59	72
59	73
59	74
59	75
59	76
59	77
59	80
59	83
60	62
60	63
60	64
60	65
60	66
60	72
60	73
60	76
60	77
60	80
60	83
60	86
61	62
61	66
61	68
61	69
61	70
61	82
61	83
61	98
62	63
62	68
62	69
62	72
62	73
62	74
62	76
63	64
63	72
63	73
63	74
63	75
63	76
63	79
63	80
64	65
64	72
64	73
64	74
64	75
64	76
64	79
64	80
64	83
64	84
64	90
65	66
65	73
65	74
65	75
65	76
65	79
65	80
65	83
65	84
66	67
66	69
66	70
66	73
66	74
66	75
66	76
66	78
66	79
66	80
66	82
66	83
66	84
67	68
67	70
67	80
67	81
67	82
67	83
67	97
67	98
67	115
68	69
69	70
69	78
69	79
69	83
70	79
70	80
70	81
70	82
70	83
70	98
71	72
71	75
71	76
71	77
71	78
71	85
71	86
71	91
71	94
71	99
71	100
72	73
72	76
72	77
72	86
72	100
73	74
73	76
73	80
73	82
73	83
74	75
74	82
75	82
75	100
76	77
76	80
76	82
76	86
76	100
77	78
77	85
77	86
77	91
77	95
77	100
78	79
78	83
78	84
78	90
78	91
78	94
78	95
78	96
78	109
78	110
78	115
79	80
79	83
79	84
79	90
79	96
79	109
79	110
79	115
80	82
80	83
80	84
80	90
80	109
80	110
81	82
81	84
81	91
81	94
81	95
81	98
82	83
82	98
83	84
84	90
84	91
84	94
84	95
84	96
84	98
84	109
84	110
84	115
85	86
85	89
85	91
85	92
86	87
86	99
86	100
86	103
86	105
86	106
86	107
86	108
86	112
86	113
87	88
87	99
87	100
87	105
87	106
87	107
87	108
87	112
87	113
88	89
88	90
88	93
88	97
88	99
88	100
88	102
88	105
88	106
88	107
88	108
88	110
88	111
88	112
88	113
89	90
89	91
89	92
89	93
89	97
89	99
89	100
89	102
89	105
89	106
89	107
89	108
89	110
89	111
89	112
89	113
90	91
90	93
90	95
90	96
90	97
90	99
90	104
90	105
90	106
90	107
90	109
90	110
90	111
90	112
90	115
91	92
91	94
91	95
91	96
91	97
91	115
92	93
92	97
92	105
92	106
92	107
92	108
92	110
92	111
92	112
92	113
93	97
93	99
93	100
93	105
93	106
93	107
93	110
93	111
93	112
93	115
94	95
94	98
95	96
95	104
95	105
95	109
95	110
95	111
95	112
95	114
96	97
96	105
96	106
96	109
96	110
96	111
96	112
96	114
96	115
97	98
97	107
97	109
97	110
97	114
97	115
99	100
99	102
99	103
99	107
99	108
100	101
101	102
101	103
101	104
101	115
102	103
102	107
102	108
102	115
103	104
103	108
103	115
104	105
104	112
104	113
104	114
104	115
105	106
105	110
105	111
105	112
105	113
106	107
106	110
106	111
106	112
106	113
107	108
107	110
107	111
107	112
109	110
109	114
109	115
110	111
110	115
111	112
112	113
113	114
113	115
114	115
